{
  "components": {
    "93dac417-3c18-4996-9ad8-f126231473f2": {
      "02289c92-3412-406e-a7e5-3bbb15d7041e": {
        "id": "93dac417-3c18-4996-9ad8-f126231473f2",
        "name": "Alpha_Joints",
        "visible": true
      },
      "bb784426-a5ec-4995-a86a-c40e7e2cb3ab": {
        "material": "c35634f8-fdee-c217-bc6b-22ab01eac817",
        "mesh": "4a66b1cb-e971-8b81-e502-646a0f7dc9ba",
        "root_bone": "f3e54567-af01-4988-b0c7-c931286408d9"
      },
      "c5b3b71f-1f14-4b5b-9881-436118684d29": {
        "transform": {
          "matrix": [
            1.0,
            0.0,
            0.0,
            0.0,
            0.0,
            1.0,
            0.0,
            0.0,
            0.0,
            0.0,
            1.0,
            0.0,
            0.0,
            0.0,
            0.0,
            1.0
          ]
        }
      }
    },
    "267f62e0-fc97-4e3a-ac91-927d32d73e77": {
      "02289c92-3412-406e-a7e5-3bbb15d7041e": {
        "id": "267f62e0-fc97-4e3a-ac91-927d32d73e77",
        "name": "mixamorig:RightArm",
        "visible": true
      },
      "c5b3b71f-1f14-4b5b-9881-436118684d29": {
        "transform": {
          "matrix": [
            0.9795353412628174,
            -0.20127226412296295,
            1.4457905095355272e-8,
            0.0,
            0.2012277990579605,
            0.9793189764022827,
            -0.021017475053668022,
            0.0,
            0.004230220802128315,
            0.020587364211678505,
            0.9997791051864624,
            0.0,
            3.913536161803677e-15,
            12.922286987304688,
            -8.43769498715119e-15,
            1.0
          ]
        }
      },
      "4a83ab8d-8a10-462a-90bd-8a0cf7f32b7f": {
        "index": 26,
        "name": "mixamorig:RightArm",
        "offset_matrix": [
          6.877475584587955e-7,
          -1.0,
          0.00008667746442370117,
          0.0,
          1.2924697071141057e-26,
          -0.00008667746442370117,
          -1.0,
          0.0,
          1.0,
          6.877475584587955e-7,
          -5.96122179397085e-11,
          0.0,
          6.171423435211182,
          -18.751325607299805,
          143.56552124023438,
          1.0
        ]
      }
    },
    "f2c75ce3-fd05-4fad-9d9e-cbdc54701512": {
      "02289c92-3412-406e-a7e5-3bbb15d7041e": {
        "id": "f2c75ce3-fd05-4fad-9d9e-cbdc54701512",
        "name": "mixamorig:RightShoulder",
        "visible": true
      },
      "c5b3b71f-1f14-4b5b-9881-436118684d29": {
        "transform": {
          "matrix": [
            -0.20122766494750977,
            -0.009769599884748459,
            0.9794957637786865,
            0.0,
            -0.9793189764022827,
            -0.019447723403573036,
            -0.20138531923294067,
            0.0,
            0.021016418933868408,
            -0.9997631311416626,
            -0.005654134321957827,
            0.0,
            -6.105695724487305,
            9.106383323669434,
            0.7570756077766418,
            1.0
          ]
        }
      },
      "4a83ab8d-8a10-462a-90bd-8a0cf7f32b7f": {
        "index": 25,
        "name": "mixamorig:RightShoulder",
        "offset_matrix": [
          -0.20122677087783813,
          -0.979317307472229,
          0.021104134619235992,
          0.0,
          -0.004247663076967001,
          -0.020672248676419258,
          -0.9997772574424744,
          0.0,
          0.9795354604721069,
          -0.20127160847187042,
          5.57290570743839e-17,
          0.0,
          2.879152774810791,
          -3.7277426719665527,
          143.9279022216797,
          1.0
        ]
      }
    },
    "269ff44e-35a7-4d51-b2be-77fc5cc84218": {
      "c5b3b71f-1f14-4b5b-9881-436118684d29": {
        "transform": {
          "matrix": [
            1.0,
            0.0,
            0.0,
            0.0,
            0.0,
            1.0,
            0.0,
            0.0,
            0.0,
            0.0,
            1.0,
            0.0,
            -0.000018344155250815675,
            12.775527954101562,
            -1.0320899264115724e-6,
            1.0
          ]
        }
      },
      "4a83ab8d-8a10-462a-90bd-8a0cf7f32b7f": {
        "index": 16,
        "name": "mixamorig:LeftHandMiddle1",
        "offset_matrix": [
          1.632993331668331e-7,
          1.0,
          0.00008779105701250955,
          0.0,
          -3.2311742677852644e-27,
          0.00008779105701250955,
          -1.0,
          0.0,
          -1.0,
          1.632993331668331e-7,
          1.4336221446087372e-11,
          0.0,
          -6.1714677810668945,
          -86.56510162353516,
          143.56561279296875,
          1.0
        ]
      },
      "02289c92-3412-406e-a7e5-3bbb15d7041e": {
        "id": "269ff44e-35a7-4d51-b2be-77fc5cc84218",
        "name": "mixamorig:LeftHandMiddle1",
        "visible": true
      }
    },
    "21a159d8-bb35-4ac7-8954-19ac0b6e17ef": {
      "4a83ab8d-8a10-462a-90bd-8a0cf7f32b7f": {
        "index": 1,
        "name": "mixamorig:Spine",
        "offset_matrix": [
          1.0,
          -0.00009904014586936682,
          -0.000014155408280203119,
          0.0,
          0.00010002574708778411,
          0.9926236867904663,
          0.12123626470565796,
          0.0,
          2.043735776169342e-6,
          -0.12123626470565796,
          0.9926236867904663,
          0.0,
          -0.010956929996609688,
          -109.05489349365234,
          -12.083251953125,
          1.0
        ]
      },
      "02289c92-3412-406e-a7e5-3bbb15d7041e": {
        "id": "21a159d8-bb35-4ac7-8954-19ac0b6e17ef",
        "name": "mixamorig:Spine",
        "visible": true
      },
      "c5b3b71f-1f14-4b5b-9881-436118684d29": {
        "transform": {
          "matrix": [
            1.0,
            0.000012216120012453757,
            -7.432596476064646e-7,
            0.0,
            -0.000012216120012453757,
            0.9926236867904663,
            -0.12123626470565796,
            0.0,
            -7.432595907630457e-7,
            0.12123626470565796,
            0.9926236867904663,
            0.0,
            0.0008597855921834707,
            9.9234619140625,
            -1.2273348569869995,
            1.0
          ]
        }
      }
    },
    "cc5fb0b9-7e83-46eb-9461-473a9523f38a": {
      "c5b3b71f-1f14-4b5b-9881-436118684d29": {
        "transform": {
          "matrix": [
            -0.9999823570251465,
            -0.005939361173659563,
            2.7869459700013977e-6,
            0.0,
            0.005938846617937088,
            -0.9999017119407654,
            -0.012700163759291172,
            0.0,
            0.00007821752660674974,
            -0.012699922546744347,
            0.9999193549156189,
            0.0,
            9.123873710632324,
            -6.657188415527344,
            -0.05540310591459274,
            1.0
          ]
        }
      },
      "4a83ab8d-8a10-462a-90bd-8a0cf7f32b7f": {
        "index": 44,
        "name": "mixamorig:LeftUpLeg",
        "offset_matrix": [
          -0.9999818205833435,
          0.00602671829983592,
          0.0000765463846619241,
          0.0,
          -0.006027203984558582,
          -0.9999011754989624,
          -0.012699916958808899,
          0.0,
          0.0,
          -0.012700147926807404,
          0.9999193549156189,
          0.0,
          9.685632705688477,
          93.0706558227539,
          1.2374401092529297,
          1.0
        ]
      },
      "02289c92-3412-406e-a7e5-3bbb15d7041e": {
        "id": "cc5fb0b9-7e83-46eb-9461-473a9523f38a",
        "name": "mixamorig:LeftUpLeg",
        "visible": true
      }
    },
    "b410d711-ade1-4aa7-88e5-e13f702a4b7d": {
      "02289c92-3412-406e-a7e5-3bbb15d7041e": {
        "id": "b410d711-ade1-4aa7-88e5-e13f702a4b7d",
        "name": "mixamorig:RightHandIndex2",
        "visible": true
      },
      "c5b3b71f-1f14-4b5b-9881-436118684d29": {
        "transform": {
          "matrix": [
            1.0,
            0.000012052542842866387,
            0.0,
            0.0,
            -0.000012052542842866387,
            1.0,
            0.0,
            0.0,
            0.0,
            0.0,
            1.0,
            0.0,
            2.653051186401502e-16,
            3.8919677734375,
            -3.752315298755082e-15,
            1.0
          ]
        }
      },
      "4a83ab8d-8a10-462a-90bd-8a0cf7f32b7f": {
        "index": 33,
        "name": "mixamorig:RightHandIndex2",
        "offset_matrix": [
          1.8771543182083406e-6,
          -1.0,
          0.00008779104973655194,
          0.0,
          4.09209364928253e-28,
          -0.00008779104973655194,
          -1.0,
          0.0,
          1.0,
          1.8771543182083406e-6,
          -1.647973563168037e-10,
          0.0,
          3.349437952041626,
          -89.92889404296875,
          143.33377075195312,
          1.0
        ]
      }
    },
    "3d9c48bf-82aa-4879-8ce8-ddf1b9d74196": {
      "c5b3b71f-1f14-4b5b-9881-436118684d29": {
        "transform": {
          "matrix": [
            1.0,
            9.55470841290662e-6,
            6.139377894953668e-9,
            0.0,
            -9.55470841290662e-6,
            1.0,
            1.1135898603242822e-6,
            0.0,
            -6.1287379615748705e-9,
            -1.11358997401112e-6,
            1.0,
            0.0,
            2.216630458831787,
            12.14700984954834,
            -0.00999622605741024,
            1.0
          ]
        }
      },
      "4a83ab8d-8a10-462a-90bd-8a0cf7f32b7f": {
        "index": 19,
        "name": "mixamorig:LeftHandRing1",
        "offset_matrix": [
          9.301915270043537e-6,
          1.0,
          0.00008779107156442478,
          0.0,
          6.139377450864458e-9,
          0.00008779107156442478,
          -1.0,
          0.0,
          -1.0,
          9.301916179538239e-6,
          -5.322752016923005e-9,
          0.0,
          -8.38890266418457,
          -85.93650817871094,
          143.5756072998047,
          1.0
        ]
      },
      "02289c92-3412-406e-a7e5-3bbb15d7041e": {
        "id": "3d9c48bf-82aa-4879-8ce8-ddf1b9d74196",
        "name": "mixamorig:LeftHandRing1",
        "visible": true
      }
    },
    "34a4c5ee-4e73-4c3a-b4fd-76eb7be8f567": {
      "02289c92-3412-406e-a7e5-3bbb15d7041e": {
        "id": "34a4c5ee-4e73-4c3a-b4fd-76eb7be8f567",
        "name": "mixamorig:LeftHand",
        "visible": true
      },
      "4a83ab8d-8a10-462a-90bd-8a0cf7f32b7f": {
        "index": 9,
        "name": "mixamorig:LeftHand",
        "offset_matrix": [
          2.528476272800617e-7,
          1.0,
          0.00008890464960131794,
          0.0,
          6.462348535570529e-27,
          0.00008890464960131794,
          -1.0,
          0.0,
          -1.0,
          2.528476272800617e-7,
          2.2479329161995132e-11,
          0.0,
          -6.171487331390381,
          -73.78973388671875,
          143.56552124023438,
          1.0
        ]
      },
      "c5b3b71f-1f14-4b5b-9881-436118684d29": {
        "transform": {
          "matrix": [
            1.0,
            0.0,
            0.0,
            0.0,
            0.0,
            1.0,
            0.0,
            0.0,
            0.0,
            0.0,
            1.0,
            0.0,
            -0.00001282041830563685,
            27.614463806152344,
            2.3361064904747764e-7,
            1.0
          ]
        }
      }
    },
    "6765f884-bb9d-4b03-a61e-16f1b6e28cc6": {
      "c5b3b71f-1f14-4b5b-9881-436118684d29": {
        "transform": {
          "matrix": [
            1.0,
            0.0,
            0.0,
            0.0,
            0.0,
            1.0,
            0.0,
            0.0,
            0.0,
            0.0,
            1.0,
            0.0,
            1.7763568394002505e-15,
            10.0,
            4.890747362651382e-9,
            1.0
          ]
        }
      },
      "02289c92-3412-406e-a7e5-3bbb15d7041e": {
        "id": "6765f884-bb9d-4b03-a61e-16f1b6e28cc6",
        "name": "mixamorig:LeftToe_End",
        "visible": true
      }
    },
    "67dd329a-2fb4-4a6c-8c92-29680f6021c0": {
      "c5b3b71f-1f14-4b5b-9881-436118684d29": {
        "transform": {
          "matrix": [
            1.0,
            0.0,
            0.0,
            0.0,
            0.0,
            1.0,
            0.0,
            0.0,
            0.0,
            0.0,
            1.0,
            0.0,
            0.00002850849887181539,
            3.4597625732421875,
            -7.183179561148084e-14,
            1.0
          ]
        }
      },
      "02289c92-3412-406e-a7e5-3bbb15d7041e": {
        "id": "67dd329a-2fb4-4a6c-8c92-29680f6021c0",
        "name": "mixamorig:LeftHandMiddle3",
        "visible": true
      },
      "4a83ab8d-8a10-462a-90bd-8a0cf7f32b7f": {
        "index": 18,
        "name": "mixamorig:LeftHandMiddle3",
        "offset_matrix": [
          1.632993331668331e-7,
          1.0,
          0.00008779105701250955,
          0.0,
          -6.462348535570529e-27,
          0.00008779105701250955,
          -1.0,
          0.0,
          -1.0,
          1.632993331668331e-7,
          1.4336221446087372e-11,
          0.0,
          -6.171496391296387,
          -93.63883209228516,
          143.56561279296875,
          1.0
        ]
      }
    },
    "dc648673-30a6-4cb8-9b13-b4b46e8759af": {
      "4a83ab8d-8a10-462a-90bd-8a0cf7f32b7f": {
        "index": 47,
        "name": "mixamorig:LeftToeBase",
        "offset_matrix": [
          -0.999726414680481,
          -0.014206062071025372,
          0.01858144998550415,
          0.0,
          0.018829377368092537,
          -0.01752231828868389,
          0.9996691346168518,
          0.0,
          -0.013875771313905716,
          0.9997455477714539,
          0.01778501644730568,
          0.0,
          9.590874671936035,
          -11.141103744506836,
          -3.660674810409546,
          1.0
        ]
      },
      "02289c92-3412-406e-a7e5-3bbb15d7041e": {
        "id": "dc648673-30a6-4cb8-9b13-b4b46e8759af",
        "name": "mixamorig:LeftToeBase",
        "visible": true
      },
      "c5b3b71f-1f14-4b5b-9881-436118684d29": {
        "transform": {
          "matrix": [
            0.9974125027656555,
            -0.04471331089735031,
            0.056293994188308716,
            0.0,
            0.015093794092535973,
            0.8958404660224915,
            0.4441194236278534,
            0.0,
            -0.07028848677873611,
            -0.44212058186531067,
            0.8941973447799683,
            0.0,
            2.4546743760886502e-15,
            15.721559524536133,
            -1.5528810876075383e-14,
            1.0
          ]
        }
      }
    },
    "26ff341b-98cd-4d16-8bcc-5727e251e12d": {
      "c5b3b71f-1f14-4b5b-9881-436118684d29": {
        "transform": {
          "matrix": [
            1.0,
            -0.000018632143110153265,
            -3.653622959731706e-9,
            0.0,
            0.000018632143110153265,
            0.9999999403953552,
            0.00039218488382175565,
            0.0,
            -3.6536222935978913e-9,
            -0.00039218488382175565,
            0.9999999403953552,
            0.0,
            6.920259179067634e-19,
            11.731978416442871,
            -1.9984014443252818e-15,
            1.0
          ]
        }
      },
      "4a83ab8d-8a10-462a-90bd-8a0cf7f32b7f": {
        "index": 2,
        "name": "mixamorig:Spine1",
        "offset_matrix": [
          1.0,
          -0.00008041354885790497,
          -0.000014123872460913844,
          0.0,
          0.00008153104135999456,
          0.9926711320877075,
          0.12084696441888809,
          0.0,
          4.3026270759582985e-6,
          -0.12084696441888809,
          0.9926711320877075,
          0.0,
          -0.008706411346793175,
          -120.7916030883789,
          -12.035880088806152,
          1.0
        ]
      },
      "02289c92-3412-406e-a7e5-3bbb15d7041e": {
        "id": "26ff341b-98cd-4d16-8bcc-5727e251e12d",
        "name": "mixamorig:Spine1",
        "visible": true
      }
    },
    "c2bad3e1-8121-4824-a69f-6df5e1a220b7": {
      "c5b3b71f-1f14-4b5b-9881-436118684d29": {
        "transform": {
          "matrix": [
            1.0,
            0.00008726646046852693,
            3.490658400551183e-6,
            0.0,
            -0.00008726646046852693,
            1.0,
            0.0,
            0.0,
            -3.490658400551183e-6,
            -3.046174146259517e-10,
            1.0,
            0.0,
            -6.757011760782916e-6,
            99.79193878173828,
            0.00004844740033149719,
            1.0
          ]
        }
      },
      "4a83ab8d-8a10-462a-90bd-8a0cf7f32b7f": {
        "index": 0,
        "name": "mixamorig:Hips",
        "offset_matrix": [
          1.0,
          -0.00008780962525634095,
          -2.786995310088969e-6,
          0.0,
          0.00008780962525634095,
          1.0,
          -2.4472501802819124e-10,
          0.0,
          2.786995310088969e-6,
          8.88876142051392e-26,
          1.0,
          0.0,
          -0.008755936287343502,
          -99.79193878173828,
          -0.00004842299676965922,
          1.0
        ]
      },
      "02289c92-3412-406e-a7e5-3bbb15d7041e": {
        "id": "c2bad3e1-8121-4824-a69f-6df5e1a220b7",
        "name": "mixamorig:Hips",
        "visible": true
      }
    },
    "1bba3035-44f5-4366-bc87-75918618db5f": {
      "02289c92-3412-406e-a7e5-3bbb15d7041e": {
        "id": "1bba3035-44f5-4366-bc87-75918618db5f",
        "name": "mixamorig:RightToe_End",
        "visible": true
      },
      "c5b3b71f-1f14-4b5b-9881-436118684d29": {
        "transform": {
          "matrix": [
            1.0,
            0.0,
            0.0,
            0.0,
            0.0,
            1.0,
            0.0,
            0.0,
            0.0,
            0.0,
            1.0,
            0.0,
            3.1880578177378993e-9,
            10.0,
            5.687533999321204e-9,
            1.0
          ]
        }
      }
    },
    "1efbdf64-4049-4e6f-a151-14f38ec08fea": {
      "4a83ab8d-8a10-462a-90bd-8a0cf7f32b7f": {
        "index": 38,
        "name": "mixamorig:RightHandRing1",
        "offset_matrix": [
          0.000010294897037965711,
          -1.0,
          0.00008779104246059433,
          0.0,
          1.534705518224655e-8,
          -0.00008779104246059433,
          -1.0,
          0.0,
          1.0,
          0.000010294897947460413,
          1.4443254592322319e-8,
          0.0,
          8.388866424560547,
          -85.917236328125,
          143.57559204101562,
          1.0
        ]
      },
      "c5b3b71f-1f14-4b5b-9881-436118684d29": {
        "transform": {
          "matrix": [
            1.0,
            -9.607301763026044e-6,
            1.4443259921392837e-8,
            0.0,
            9.607301763026044e-6,
            1.0,
            1.1135909971926594e-6,
            0.0,
            -1.4453958918636545e-8,
            -1.1135908835058217e-6,
            1.0,
            0.0,
            -2.21663236618042,
            12.147003173828125,
            -0.009996269829571247,
            1.0
          ]
        }
      },
      "02289c92-3412-406e-a7e5-3bbb15d7041e": {
        "id": "1efbdf64-4049-4e6f-a151-14f38ec08fea",
        "name": "mixamorig:RightHandRing1",
        "visible": true
      }
    },
    "48220ab8-c65d-4de8-8cb0-7725c8121771": {
      "c5b3b71f-1f14-4b5b-9881-436118684d29": {
        "transform": {
          "matrix": [
            1.0,
            0.0,
            0.0,
            0.0,
            0.0,
            1.0,
            0.0,
            0.0,
            0.0,
            0.0,
            1.0,
            0.0,
            -6.0533080284419505e-12,
            3.30731201171875,
            -8.903002033516794e-14,
            1.0
          ]
        }
      },
      "02289c92-3412-406e-a7e5-3bbb15d7041e": {
        "id": "48220ab8-c65d-4de8-8cb0-7725c8121771",
        "name": "mixamorig:RightHandRing3",
        "visible": true
      },
      "4a83ab8d-8a10-462a-90bd-8a0cf7f32b7f": {
        "index": 40,
        "name": "mixamorig:RightHandRing3",
        "offset_matrix": [
          -5.847270585945807e-6,
          -1.0,
          0.0000877910788403824,
          0.0,
          1.3929916775623497e-8,
          -0.0000877910788403824,
          -1.0,
          0.0,
          1.0,
          -5.847269221703755e-6,
          1.4443254592322319e-8,
          0.0,
          8.387420654296875,
          -92.82587432861328,
          143.57559204101562,
          1.0
        ]
      }
    },
    "c8f2d78b-c954-4e12-9659-462a93f57886": {
      "c5b3b71f-1f14-4b5b-9881-436118684d29": {
        "transform": {
          "matrix": [
            0.9998893737792969,
            0.0015416129026561975,
            -0.014792527072131634,
            0.0,
            -0.0015413617948070168,
            0.9999988079071045,
            0.000028373488021316007,
            0.0,
            0.014792553149163723,
            -5.569712811848149e-6,
            0.9998905658721924,
            0.0,
            -0.000024172632038244046,
            3.6601181030273438,
            0.000016886513549252413,
            1.0
          ]
        }
      },
      "02289c92-3412-406e-a7e5-3bbb15d7041e": {
        "id": "c8f2d78b-c954-4e12-9659-462a93f57886",
        "name": "mixamorig:LeftHandRing4",
        "visible": true
      }
    },
    "89c1c6da-cfb9-4dc9-a3b9-bcf52b57a4cd": {
      "02289c92-3412-406e-a7e5-3bbb15d7041e": {
        "id": "89c1c6da-cfb9-4dc9-a3b9-bcf52b57a4cd",
        "name": "mixamorig:RightHandThumb1",
        "visible": true
      },
      "c5b3b71f-1f14-4b5b-9881-436118684d29": {
        "transform": {
          "matrix": [
            0.8944279551506042,
            -0.38729703426361084,
            -0.2236059606075287,
            0.0,
            0.4472120404243469,
            0.7745977640151978,
            0.44721320271492004,
            0.0,
            3.427267074584961e-7,
            -0.4999992251396179,
            0.8660258650779724,
            0.0,
            3.002974510192871,
            3.788808822631836,
            2.167149066925049,
            1.0
          ]
        }
      },
      "4a83ab8d-8a10-462a-90bd-8a0cf7f32b7f": {
        "index": 29,
        "name": "mixamorig:RightHandThumb1",
        "offset_matrix": [
          0.387278288602829,
          -0.7745587229728699,
          0.5000743269920349,
          0.0,
          0.22363954782485962,
          -0.44728031754493713,
          -0.8659824728965759,
          0.0,
          0.8944276571273804,
          0.4472126066684723,
          8.578878332920418e-16,
          0.0,
          1.2549020051956177,
          4.574923515319824,
          161.2342071533203,
          1.0
        ]
      }
    },
    "15048a92-6d8f-445d-abc9-dd0992e79865": {
      "02289c92-3412-406e-a7e5-3bbb15d7041e": {
        "id": "15048a92-6d8f-445d-abc9-dd0992e79865",
        "name": "Sky",
        "visible": true
      },
      "eb42f81f-45ab-428c-9d07-961696edc5fa": {
        "active": true,
        "intensity": 1.0,
        "skybox": "f9da6a04-19a6-1f65-dbf9-0a779459c814"
      },
      "c5b3b71f-1f14-4b5b-9881-436118684d29": {
        "transform": {
          "matrix": [
            1.0,
            0.0,
            0.0,
            0.0,
            0.0,
            1.0,
            0.0,
            0.0,
            0.0,
            0.0,
            1.0,
            0.0,
            0.0,
            0.0,
            0.0,
            1.0
          ]
        }
      }
    },
    "30464d01-f9f8-47e9-939e-d5934067cae8": {
      "02289c92-3412-406e-a7e5-3bbb15d7041e": {
        "id": "30464d01-f9f8-47e9-939e-d5934067cae8",
        "name": "mixamorig:LeftHandIndex4",
        "visible": true
      },
      "c5b3b71f-1f14-4b5b-9881-436118684d29": {
        "transform": {
          "matrix": [
            0.9999679923057556,
            0.00004556711428449489,
            -0.008003140799701214,
            0.0,
            -0.00004555047780741006,
            1.0,
            2.2610115593124647e-6,
            0.0,
            0.008003140799701214,
            -1.896392177513917e-6,
            0.9999679923057556,
            0.0,
            5.854722644471622e-7,
            3.0779876708984375,
            1.6270025691295098e-14,
            1.0
          ]
        }
      }
    },
    "8929b86e-8869-46b1-b174-a074f5119f0c": {
      "4a83ab8d-8a10-462a-90bd-8a0cf7f32b7f": {
        "index": 36,
        "name": "mixamorig:RightHandMiddle2",
        "offset_matrix": [
          1.4201746125763748e-6,
          -1.0,
          0.00008779105701250955,
          0.0,
          -5.169878828456423e-26,
          -0.00008779105701250955,
          -1.0,
          0.0,
          1.0,
          1.4201746125763748e-6,
          -1.24678628532493e-10,
          0.0,
          6.171457290649414,
          -90.15980529785156,
          143.5655975341797,
          1.0
        ]
      },
      "02289c92-3412-406e-a7e5-3bbb15d7041e": {
        "id": "8929b86e-8869-46b1-b174-a074f5119f0c",
        "name": "mixamorig:RightHandMiddle2",
        "visible": true
      },
      "c5b3b71f-1f14-4b5b-9881-436118684d29": {
        "transform": {
          "matrix": [
            1.0,
            0.0,
            0.0,
            0.0,
            0.0,
            1.0,
            0.0,
            0.0,
            0.0,
            0.0,
            1.0,
            0.0,
            1.969580301262007e-16,
            3.6139678955078125,
            -1.6965378754618676e-14,
            1.0
          ]
        }
      }
    },
    "f8ba351a-786c-4b35-86ab-0a02bc74d9d6": {
      "4a83ab8d-8a10-462a-90bd-8a0cf7f32b7f": {
        "index": 30,
        "name": "mixamorig:RightHandThumb2",
        "offset_matrix": [
          0.38727888464927673,
          -0.7745499610900879,
          0.5000874400138855,
          0.0,
          0.22363990545272827,
          -0.44729480147361755,
          -0.8659749031066895,
          0.0,
          0.8944273591041565,
          0.4472133219242096,
          -7.561332949990174e-6,
          0.0,
          1.2549021244049072,
          -0.1673199087381363,
          161.2342071533203,
          1.0
        ]
      },
      "02289c92-3412-406e-a7e5-3bbb15d7041e": {
        "id": "f8ba351a-786c-4b35-86ab-0a02bc74d9d6",
        "name": "mixamorig:RightHandThumb2",
        "visible": true
      },
      "c5b3b71f-1f14-4b5b-9881-436118684d29": {
        "transform": {
          "matrix": [
            1.0,
            -7.896043143773568e-7,
            0.0,
            0.0,
            7.896043143773568e-7,
            1.0,
            0.000016907664758036844,
            0.0,
            -1.3350365084263682e-11,
            -0.000016907664758036844,
            1.0,
            0.0,
            -5.574371259725597e-15,
            4.744970321655273,
            -1.2016429518091343e-14,
            1.0
          ]
        }
      }
    },
    "ff62da6b-367a-4d2c-a6ed-29cd13fdcc28": {
      "02289c92-3412-406e-a7e5-3bbb15d7041e": {
        "id": "ff62da6b-367a-4d2c-a6ed-29cd13fdcc28",
        "name": "mixamorig:LeftHandRing3",
        "visible": true
      },
      "c5b3b71f-1f14-4b5b-9881-436118684d29": {
        "transform": {
          "matrix": [
            1.0,
            0.0,
            0.0,
            0.0,
            0.0,
            1.0,
            0.0,
            0.0,
            0.0,
            0.0,
            1.0,
            0.0,
            -7.151610575441281e-13,
            3.30731201171875,
            2.018790679330501e-13,
            1.0
          ]
        }
      },
      "4a83ab8d-8a10-462a-90bd-8a0cf7f32b7f": {
        "index": 21,
        "name": "mixamorig:LeftHandRing3",
        "offset_matrix": [
          -6.840274636488175e-6,
          1.0,
          0.00009240469080395997,
          0.0,
          4.722237267884566e-9,
          0.00009240469080395997,
          -1.0,
          0.0,
          -1.0,
          -6.840274181740824e-6,
          -5.3543107725317896e-9,
          0.0,
          -8.387456893920898,
          -92.8458023071289,
          143.5751953125,
          1.0
        ]
      }
    },
    "62982e13-e903-4b68-9a2c-10da4cc900b1": {
      "c5b3b71f-1f14-4b5b-9881-436118684d29": {
        "transform": {
          "matrix": [
            1.0,
            -0.000012428639820427634,
            0.0,
            0.0,
            0.000012428639820427634,
            1.0,
            0.0,
            0.0,
            0.0,
            0.0,
            1.0,
            0.0,
            -1.4760153675672286e-15,
            3.8919677734375,
            -4.035612244227861e-16,
            1.0
          ]
        }
      },
      "4a83ab8d-8a10-462a-90bd-8a0cf7f32b7f": {
        "index": 14,
        "name": "mixamorig:LeftHandIndex2",
        "offset_matrix": [
          -2.9399031973298406e-6,
          1.0,
          0.00008779101335676387,
          0.0,
          5.0648631955141354e-9,
          0.00008779101335676387,
          -1.0,
          0.0,
          -1.0,
          -2.9399027425824897e-6,
          -5.322960294762424e-9,
          0.0,
          -3.3491270542144775,
          -89.94817352294922,
          143.3337860107422,
          1.0
        ]
      },
      "02289c92-3412-406e-a7e5-3bbb15d7041e": {
        "id": "62982e13-e903-4b68-9a2c-10da4cc900b1",
        "name": "mixamorig:LeftHandIndex2",
        "visible": true
      }
    },
    "d8700f77-f909-4075-ba17-35ba8bc99181": {
      "02289c92-3412-406e-a7e5-3bbb15d7041e": {
        "id": "d8700f77-f909-4075-ba17-35ba8bc99181",
        "name": "mixamorig:RightHandThumb3",
        "visible": true
      },
      "c5b3b71f-1f14-4b5b-9881-436118684d29": {
        "transform": {
          "matrix": [
            1.0,
            0.0,
            0.0,
            0.0,
            0.0,
            1.0,
            0.0,
            0.0,
            0.0,
            0.0,
            1.0,
            0.0,
            -1.8705113955137798e-13,
            4.382135391235352,
            -4.095821772021058e-12,
            1.0
          ]
        }
      },
      "4a83ab8d-8a10-462a-90bd-8a0cf7f32b7f": {
        "index": 31,
        "name": "mixamorig:RightHandThumb3",
        "offset_matrix": [
          0.38727888464927673,
          -0.7745499610900879,
          0.5000874400138855,
          0.0,
          0.22363990545272827,
          -0.44729480147361755,
          -0.8659749031066895,
          0.0,
          0.8944273591041565,
          0.4472133219242096,
          -7.561332949990174e-6,
          0.0,
          1.2549021244049072,
          -4.549455165863037,
          161.2342071533203,
          1.0
        ]
      }
    },
    "1f19bd63-3bf9-4d97-a887-b80486be3f59": {
      "4a83ab8d-8a10-462a-90bd-8a0cf7f32b7f": {
        "index": 20,
        "name": "mixamorig:LeftHandRing2",
        "offset_matrix": [
          -6.840274636488175e-6,
          1.0,
          0.00009240469080395997,
          0.0,
          4.722237267884566e-9,
          0.00009240469080395997,
          -1.0,
          0.0,
          -1.0,
          -6.840274181740824e-6,
          -5.3543107725317896e-9,
          0.0,
          -8.387456893920898,
          -89.53849029541016,
          143.5751953125,
          1.0
        ]
      },
      "c5b3b71f-1f14-4b5b-9881-436118684d29": {
        "transform": {
          "matrix": [
            1.0,
            -0.000016142190361279063,
            0.0,
            0.0,
            0.000016142190361279063,
            1.0,
            -4.613652890839148e-6,
            0.0,
            7.44744613201398e-11,
            4.613652890839148e-6,
            1.0,
            0.0,
            5.833690078890146e-16,
            3.6011886596679688,
            1.3420341735419141e-14,
            1.0
          ]
        }
      },
      "02289c92-3412-406e-a7e5-3bbb15d7041e": {
        "id": "1f19bd63-3bf9-4d97-a887-b80486be3f59",
        "name": "mixamorig:LeftHandRing2",
        "visible": true
      }
    },
    "d76b85ca-82e1-472e-862c-4cde4cfaa901": {
      "02289c92-3412-406e-a7e5-3bbb15d7041e": {
        "id": "d76b85ca-82e1-472e-862c-4cde4cfaa901",
        "name": "Camera",
        "visible": true
      },
      "c5b3b71f-1f14-4b5b-9881-436118684d29": {
        "transform": {
          "matrix": [
            1.0,
            0.0,
            0.0,
            0.0,
            0.0,
            1.0,
            0.0,
            0.0,
            0.0,
            0.0,
            1.0,
            0.0,
            0.0,
            0.0,
            0.0,
            1.0
          ]
        }
      },
      "a85867d2-3e68-42b2-b943-ea78c7c6ddb5": {
        "clear_color": [
          0,
          0,
          0,
          255
        ],
        "enabled": true,
        "far_plane": 100.0,
        "fov": 1.2217304706573486,
        "near_plane": 0.10000000149011612
      },
      "2d7c84c8-d599-762e-19a0-605a965fddf8": {
        "distance": 20.0,
        "sensitivity": 0.5,
        "target": "c2bad3e1-8121-4824-a69f-6df5e1a220b7"
      }
    },
    "5e0203c0-d35d-4be6-8690-6e77fbadf2de": {
      "02289c92-3412-406e-a7e5-3bbb15d7041e": {
        "id": "5e0203c0-d35d-4be6-8690-6e77fbadf2de",
        "name": "mixamorig:RightHandRing2",
        "visible": true
      },
      "4a83ab8d-8a10-462a-90bd-8a0cf7f32b7f": {
        "index": 39,
        "name": "mixamorig:RightHandRing2",
        "offset_matrix": [
          -5.847270585945807e-6,
          -1.0,
          0.0000877910788403824,
          0.0,
          1.3929916775623497e-8,
          -0.0000877910788403824,
          -1.0,
          0.0,
          1.0,
          -5.847269221703755e-6,
          1.4443254592322319e-8,
          0.0,
          8.387420654296875,
          -89.51856231689453,
          143.57559204101562,
          1.0
        ]
      },
      "c5b3b71f-1f14-4b5b-9881-436118684d29": {
        "transform": {
          "matrix": [
            1.0,
            0.000016142166714416817,
            0.0,
            0.0,
            -0.000016142166714416817,
            1.0,
            0.0,
            0.0,
            0.0,
            0.0,
            1.0,
            0.0,
            -1.0704184053348352e-15,
            3.6011962890625,
            -3.1102236671548544e-14,
            1.0
          ]
        }
      }
    },
    "09558a96-33ec-46f3-8f0b-e74b2b9e3dc6": {
      "02289c92-3412-406e-a7e5-3bbb15d7041e": {
        "id": "09558a96-33ec-46f3-8f0b-e74b2b9e3dc6",
        "name": "mixamorig:LeftLeg",
        "visible": true
      },
      "4a83ab8d-8a10-462a-90bd-8a0cf7f32b7f": {
        "index": 45,
        "name": "mixamorig:LeftLeg",
        "offset_matrix": [
          -0.9999830722808838,
          -0.005811748560518026,
          -0.0002846060669980943,
          0.0,
          0.005818713456392288,
          -0.9987861514091492,
          -0.04891137406229973,
          0.0,
          -4.067959077230787e-14,
          -0.04891220107674599,
          0.9988030791282654,
          0.0,
          9.063258171081543,
          52.50287628173828,
          3.1427409648895264,
          1.0
        ]
      },
      "c5b3b71f-1f14-4b5b-9881-436118684d29": {
        "transform": {
          "matrix": [
            0.9999298453330994,
            -0.011844754219055176,
            -0.00015044226893223822,
            0.0,
            0.011831531301140785,
            0.9992736577987671,
            -0.03622420132160187,
            0.0,
            0.0005793997552245855,
            0.03621987998485565,
            0.9993436932563782,
            0.0,
            -4.796163466380676e-14,
            40.59943771362305,
            1.170175067954915e-13,
            1.0
          ]
        }
      }
    },
    "3f1b1985-a6bc-44fd-a76a-d624dbf7ec3d": {
      "4a83ab8d-8a10-462a-90bd-8a0cf7f32b7f": {
        "index": 43,
        "name": "mixamorig:RightHandPinky3",
        "offset_matrix": [
          7.019877102720784e-6,
          -1.0,
          0.00008779103518463671,
          0.0,
          1.5063259084513447e-8,
          -0.00008779103518463671,
          -1.0,
          0.0,
          1.0,
          7.019878012215486e-6,
          1.4446977836257702e-8,
          0.0,
          10.897831916809082,
          -91.40992736816406,
          143.33946228027344,
          1.0
        ]
      },
      "02289c92-3412-406e-a7e5-3bbb15d7041e": {
        "id": "3f1b1985-a6bc-44fd-a76a-d624dbf7ec3d",
        "name": "mixamorig:RightHandPinky3",
        "visible": true
      },
      "c5b3b71f-1f14-4b5b-9881-436118684d29": {
        "transform": {
          "matrix": [
            1.0,
            -0.000020856930859736167,
            0.0,
            0.0,
            0.000020856930859736167,
            1.0,
            0.0,
            0.0,
            0.0,
            0.0,
            1.0,
            0.0,
            -3.949520398227602e-12,
            2.5948410034179688,
            -4.2921070343704404e-14,
            1.0
          ]
        }
      }
    },
    "afae0689-837c-4fec-965d-e027bcde9e15": {
      "02289c92-3412-406e-a7e5-3bbb15d7041e": {
        "id": "afae0689-837c-4fec-965d-e027bcde9e15",
        "name": "mixamorig:RightHandRing4",
        "visible": true
      },
      "c5b3b71f-1f14-4b5b-9881-436118684d29": {
        "transform": {
          "matrix": [
            0.9998838901519775,
            -0.0005994936800561845,
            0.015226038172841072,
            0.0,
            0.0006013709353283048,
            0.9999998211860657,
            -0.00011871485185110942,
            0.0,
            -0.015225964598357677,
            0.0001278575655305758,
            0.9998840689659119,
            0.0,
            0.000024172624762286432,
            3.6601181030273438,
            -4.263305203658363e-14,
            1.0
          ]
        }
      }
    },
    "e05c8209-ea3b-493e-a106-18f1fb24f970": {
      "c5b3b71f-1f14-4b5b-9881-436118684d29": {
        "transform": {
          "matrix": [
            1.0,
            0.0,
            0.0,
            0.0,
            0.0,
            1.0,
            0.0,
            0.0,
            0.0,
            0.0,
            1.0,
            0.0,
            0.0,
            0.0,
            0.0,
            1.0
          ]
        }
      },
      "bb784426-a5ec-4995-a86a-c40e7e2cb3ab": {
        "material": "c35634f8-fdee-c217-bc6b-22ab01eac817",
        "mesh": "1d5fccff-d4ed-2401-65bc-9bc7809ee631",
        "root_bone": "f3e54567-af01-4988-b0c7-c931286408d9"
      },
      "02289c92-3412-406e-a7e5-3bbb15d7041e": {
        "id": "e05c8209-ea3b-493e-a106-18f1fb24f970",
        "name": "Alpha_Surface",
        "visible": true
      }
    },
    "043915a3-e029-466b-bcc9-9c0f3ac609b1": {
      "02289c92-3412-406e-a7e5-3bbb15d7041e": {
        "id": "043915a3-e029-466b-bcc9-9c0f3ac609b1",
        "name": "mixamorig:LeftForeArm",
        "visible": true
      },
      "c5b3b71f-1f14-4b5b-9881-436118684d29": {
        "transform": {
          "matrix": [
            1.0,
            0.0,
            0.0,
            0.0,
            0.0,
            1.0,
            0.0,
            0.0,
            0.0,
            0.0,
            1.0,
            0.0,
            3.059411612937879e-9,
            27.404682159423828,
            -1.5165657358401363e-14,
            1.0
          ]
        }
      },
      "4a83ab8d-8a10-462a-90bd-8a0cf7f32b7f": {
        "index": 8,
        "name": "mixamorig:LeftForeArm",
        "offset_matrix": [
          2.528476272800617e-7,
          1.0,
          0.00008890464960131794,
          0.0,
          -0.0,
          0.00008890464960131794,
          -1.0,
          0.0,
          -1.0,
          2.528476272800617e-7,
          2.2479329161995132e-11,
          0.0,
