{
  "components": {
    "5d440a10-bd17-fb0f-8364-5e9e4ac4fe74": {
      "02289c92-3412-406e-a7e5-3bbb15d7041e": {
        "id": "5d440a10-bd17-fb0f-8364-5e9e4ac4fe74",
        "name": "mixamorig:LeftHandIndex3"
      },
      "c5b3b71f-1f14-4b5b-9881-436118684d29": {
        "transform": {
          "matrix": [
            1.0,
            0.0,
            0.0,
            0.0,
            0.0,
            1.0,
            0.0,
            0.0,
            0.0,
            0.0,
            1.0,
            0.0,
            4.07132279278688e-11,
            3.4151611328125,
            -8.802038416709512e-14,
            1.0
          ]
        }
      },
      "4a83ab8d-8a10-462a-90bd-8a0cf7f32b7f": {
        "index": 15,
        "name": "mixamorig:LeftHandIndex3",
        "offset_matrix": [
          -2.9399031973298406e-6,
          1.0,
          0.00008779101335676387,
          0.0,
          5.0648631955141354e-9,
          0.00008779101335676387,
          -1.0,
          0.0,
          -1.0,
          -2.9399027425824897e-6,
          -5.322960294762424e-9,
          0.0,
          -3.3491270542144775,
          -93.36333465576172,
          143.3337860107422,
          1.0
        ]
      }
    },
    "f50fd1b7-6eb8-d968-5122-3f7478071d3a": {
      "4a83ab8d-8a10-462a-90bd-8a0cf7f32b7f": {
        "index": 3,
        "name": "mixamorig:Spine2",
        "offset_matrix": [
          1.0,
          -0.00008781102951616049,
          -1.5430286215423195e-10,
          0.0,
          0.00008780962525634095,
          0.9999840259552002,
          0.0056553976610302925,
          0.0,
          -4.964520030625863e-7,
          -0.0056553976610302925,
          0.9999840259552002,
          0.0,
          -0.009572790935635567,
          -134.74307250976562,
          3.514117956161499,
          1.0
        ]
      },
      "02289c92-3412-406e-a7e5-3bbb15d7041e": {
        "id": "f50fd1b7-6eb8-d968-5122-3f7478071d3a",
        "name": "mixamorig:Spine2"
      },
      "c5b3b71f-1f14-4b5b-9881-436118684d29": {
        "transform": {
          "matrix": [
            1.0,
            6.812526407884434e-6,
            -4.005159098596778e-6,
            0.0,
            -6.305627266556257e-6,
            0.9933387041091919,
            0.11523108184337616,
            0.0,
            4.763494416692993e-6,
            -0.11523108184337616,
            0.9933387041091919,
            0.0,
            1.931491945550423e-11,
            13.458836555480957,
            6.261657858885883e-13,
            1.0
          ]
        }
      }
    },
    "861d7e79-4631-c83c-dd82-06b6ee0f0a7b": {
      "4a83ab8d-8a10-462a-90bd-8a0cf7f32b7f": {
        "index": 39,
        "name": "mixamorig:RightHandRing2",
        "offset_matrix": [
          -5.847270585945807e-6,
          -1.0,
          0.0000877910788403824,
          0.0,
          1.3929916775623497e-8,
          -0.0000877910788403824,
          -1.0,
          0.0,
          1.0,
          -5.847269221703755e-6,
          1.4443254592322319e-8,
          0.0,
          8.387420654296875,
          -89.51856231689453,
          143.57559204101562,
          1.0
        ]
      },
      "02289c92-3412-406e-a7e5-3bbb15d7041e": {
        "id": "861d7e79-4631-c83c-dd82-06b6ee0f0a7b",
        "name": "mixamorig:RightHandRing2"
      },
      "c5b3b71f-1f14-4b5b-9881-436118684d29": {
        "transform": {
          "matrix": [
            1.0,
            0.000016142166714416817,
            0.0,
            0.0,
            -0.000016142166714416817,
            1.0,
            0.0,
            0.0,
            0.0,
            0.0,
            1.0,
            0.0,
            -1.0704184053348352e-15,
            3.6011962890625,
            -3.1102236671548544e-14,
            1.0
          ]
        }
      }
    },
    "8b52ac29-2493-f06f-553c-b66c8894ed59": {
      "c5b3b71f-1f14-4b5b-9881-436118684d29": {
        "transform": {
          "matrix": [
            1.0,
            0.0,
            0.0,
            0.0,
            0.0,
            1.0,
            0.0,
            0.0,
            0.0,
            0.0,
            1.0,
            0.0,
            1.7763568394002505e-15,
            10.0,
            4.890747362651382e-9,
            1.0
          ]
        }
      },
      "02289c92-3412-406e-a7e5-3bbb15d7041e": {
        "id": "8b52ac29-2493-f06f-553c-b66c8894ed59",
        "name": "mixamorig:LeftToe_End"
      }
    },
    "73cd8766-13b2-6476-73c2-7fcc762826b8": {
      "4a83ab8d-8a10-462a-90bd-8a0cf7f32b7f": {
        "index": 46,
        "name": "mixamorig:LeftFoot",
        "offset_matrix": [
          -0.998660147190094,
          0.023759473115205765,
          -0.045972298830747604,
          0.0,
          -0.051749058067798615,
          -0.45851343870162964,
          0.8871794939041138,
          0.0,
          -2.040626883778856e-15,
          0.8883697986602783,
          0.45912861824035645,
          0.0,
          9.655200004577637,
          6.930528163909912,
          -7.6814374923706055,
          1.0
        ]
      },
      "02289c92-3412-406e-a7e5-3bbb15d7041e": {
        "id": "73cd8766-13b2-6476-73c2-7fcc762826b8",
        "name": "mixamorig:LeftFoot"
      },
      "c5b3b71f-1f14-4b5b-9881-436118684d29": {
        "transform": {
          "matrix": [
            0.9983420968055725,
            0.05749020352959633,
            0.0028153422754257917,
            0.0,
            -0.026427028700709343,
            0.4143666625022888,
            0.9097262620925903,
            0.0,
            0.05113375931978226,
            -0.9082923531532288,
            0.41519901156425476,
            0.0,
            -8.881784197001252e-15,
            42.09902572631836,
            2.0872192862952943e-14,
            1.0
          ]
        }
      }
    },
    "2f6d9c43-9ca6-60b7-a2f6-69a6f08d0b95": {
      "4a83ab8d-8a10-462a-90bd-8a0cf7f32b7f": {
        "index": 33,
        "name": "mixamorig:RightHandIndex2",
        "offset_matrix": [
          1.8771543182083406e-6,
          -1.0,
          0.00008779104973655194,
          0.0,
          4.09209364928253e-28,
          -0.00008779104973655194,
          -1.0,
          0.0,
          1.0,
          1.8771543182083406e-6,
          -1.647973563168037e-10,
          0.0,
          3.349437952041626,
          -89.92889404296875,
          143.33377075195312,
          1.0
        ]
      },
      "02289c92-3412-406e-a7e5-3bbb15d7041e": {
        "id": "2f6d9c43-9ca6-60b7-a2f6-69a6f08d0b95",
        "name": "mixamorig:RightHandIndex2"
      },
      "c5b3b71f-1f14-4b5b-9881-436118684d29": {
        "transform": {
          "matrix": [
            1.0,
            0.000012052542842866387,
            0.0,
            0.0,
            -0.000012052542842866387,
            1.0,
            0.0,
            0.0,
            0.0,
            0.0,
            1.0,
            0.0,
            2.653051186401502e-16,
            3.8919677734375,
            -3.752315298755082e-15,
            1.0
          ]
        }
      }
    },
    "28c62b06-11df-5e6c-b9f4-cd3454dcf45b": {
      "f24db81d-7054-40b8-8f3c-d9740c03948e": {
        "animation": "62a313ba-90c1-e269-dc03-47b090bdd310",
        "time": 0.0
      },
      "c5b3b71f-1f14-4b5b-9881-436118684d29": {
        "transform": {
          "matrix": [
            1.0,
            0.0,
            0.0,
            0.0,
            0.0,
            1.0,
            0.0,
            0.0,
            0.0,
            0.0,
            1.0,
            0.0,
            0.0,
            0.0,
            0.0,
            1.0
          ]
        }
      },
      "02289c92-3412-406e-a7e5-3bbb15d7041e": {
        "id": "28c62b06-11df-5e6c-b9f4-cd3454dcf45b",
        "name": "RootNode"
      }
    },
    "8e5ca5d4-052c-5ea3-6e7f-cd3cdf3d06b6": {
      "02289c92-3412-406e-a7e5-3bbb15d7041e": {
        "id": "8e5ca5d4-052c-5ea3-6e7f-cd3cdf3d06b6",
        "name": "mixamorig:LeftForeArm"
      },
      "c5b3b71f-1f14-4b5b-9881-436118684d29": {
        "transform": {
          "matrix": [
            1.0,
            0.0,
            0.0,
            0.0,
            0.0,
            1.0,
            0.0,
            0.0,
            0.0,
            0.0,
            1.0,
            0.0,
            3.059411612937879e-9,
            27.404682159423828,
            -1.5165657358401363e-14,
            1.0
          ]
        }
      },
      "4a83ab8d-8a10-462a-90bd-8a0cf7f32b7f": {
        "index": 8,
        "name": "mixamorig:LeftForeArm",
        "offset_matrix": [
          2.528476272800617e-7,
          1.0,
          0.00008890464960131794,
          0.0,
          -0.0,
          0.00008890464960131794,
          -1.0,
          0.0,
          -1.0,
          2.528476272800617e-7,
          2.2479329161995132e-11,
          0.0,
          -6.1714863777160645,
          -46.175270080566406,
          143.56552124023438,
          1.0
        ]
      }
    },
    "b800f691-e1de-c74f-5f21-c53d52eac2f2": {
      "4a83ab8d-8a10-462a-90bd-8a0cf7f32b7f": {
        "index": 18,
        "name": "mixamorig:LeftHandMiddle3",
        "offset_matrix": [
          1.632993331668331e-7,
          1.0,
          0.00008779105701250955,
          0.0,
          -6.462348535570529e-27,
          0.00008779105701250955,
          -1.0,
          0.0,
          -1.0,
          1.632993331668331e-7,
          1.4336221446087372e-11,
          0.0,
          -6.171496391296387,
          -93.63883209228516,
          143.56561279296875,
          1.0
        ]
      },
      "02289c92-3412-406e-a7e5-3bbb15d7041e": {
        "id": "b800f691-e1de-c74f-5f21-c53d52eac2f2",
        "name": "mixamorig:LeftHandMiddle3"
      },
      "c5b3b71f-1f14-4b5b-9881-436118684d29": {
        "transform": {
          "matrix": [
            1.0,
            0.0,
            0.0,
            0.0,
            0.0,
            1.0,
            0.0,
            0.0,
            0.0,
            0.0,
            1.0,
            0.0,
            0.00002850849887181539,
            3.4597625732421875,
            -7.183179561148084e-14,
            1.0
          ]
        }
      }
    },
    "2af6b557-fc6a-575a-ff01-6e59e5ed6678": {
      "4a83ab8d-8a10-462a-90bd-8a0cf7f32b7f": {
        "index": 16,
        "name": "mixamorig:LeftHandMiddle1",
        "offset_matrix": [
          1.632993331668331e-7,
          1.0,
          0.00008779105701250955,
          0.0,
          -3.2311742677852644e-27,
          0.00008779105701250955,
          -1.0,
          0.0,
          -1.0,
          1.632993331668331e-7,
          1.4336221446087372e-11,
          0.0,
          -6.1714677810668945,
          -86.56510162353516,
          143.56561279296875,
          1.0
        ]
      },
      "02289c92-3412-406e-a7e5-3bbb15d7041e": {
        "id": "2af6b557-fc6a-575a-ff01-6e59e5ed6678",
        "name": "mixamorig:LeftHandMiddle1"
      },
      "c5b3b71f-1f14-4b5b-9881-436118684d29": {
        "transform": {
          "matrix": [
            1.0,
            0.0,
            0.0,
            0.0,
            0.0,
            1.0,
            0.0,
            0.0,
            0.0,
            0.0,
            1.0,
            0.0,
            -0.000018344155250815675,
            12.775527954101562,
            -1.0320899264115724e-6,
            1.0
          ]
        }
      }
    },
    "c08e01c9-8cb7-cd45-7cec-df0ad5d93bca": {
      "c5b3b71f-1f14-4b5b-9881-436118684d29": {
        "transform": {
          "matrix": [
            0.9998458027839661,
            0.004413441754877567,
            0.016996663063764572,
            0.0,
            -0.004410645458847284,
            0.9999902844429016,
            -0.00020202563609927893,
            0.0,
            -0.016997389495372772,
            0.00012702823732979596,
            0.9998555183410645,
            0.0,
            4.3620254977505546e-12,
            2.9238662719726562,
            9.807259171434879e-14,
            1.0
          ]
        }
      },
      "02289c92-3412-406e-a7e5-3bbb15d7041e": {
        "id": "c08e01c9-8cb7-cd45-7cec-df0ad5d93bca",
        "name": "mixamorig:RightHandPinky4"
      }
    },
    "2f75ae85-9322-2333-b469-c46099cb7049": {
      "c5b3b71f-1f14-4b5b-9881-436118684d29": {
        "transform": {
          "matrix": [
            0.9999062418937683,
            0.0027499801944941282,
            0.013418099842965603,
            0.0,
            -0.002748023485764861,
            0.9999962449073792,
            -0.00016424854402430356,
            0.0,
            -0.013418501242995262,
            0.00012735989002976567,
            0.9999099969863892,
            0.0,
            -1.2771572528436081e-6,
            3.0779876708984375,
            7.899497028729385e-16,
            1.0
          ]
        }
      },
      "02289c92-3412-406e-a7e5-3bbb15d7041e": {
        "id": "2f75ae85-9322-2333-b469-c46099cb7049",
        "name": "mixamorig:RightHandIndex4"
      }
    },
    "50024784-0bbd-e047-4429-394bb523daa6": {
      "02289c92-3412-406e-a7e5-3bbb15d7041e": {
        "id": "50024784-0bbd-e047-4429-394bb523daa6",
        "name": "mixamorig:Hips"
      },
      "c5b3b71f-1f14-4b5b-9881-436118684d29": {
        "transform": {
          "matrix": [
            1.0,
            0.00008726646046852693,
            3.490658400551183e-6,
            0.0,
            -0.00008726646046852693,
            1.0,
            0.0,
            0.0,
            -3.490658400551183e-6,
            -3.046174146259517e-10,
            1.0,
            0.0,
            -6.757011760782916e-6,
            99.79193878173828,
            0.00004844740033149719,
            1.0
          ]
        }
      },
      "4a83ab8d-8a10-462a-90bd-8a0cf7f32b7f": {
        "index": 0,
        "name": "mixamorig:Hips",
        "offset_matrix": [
          1.0,
          -0.00008780962525634095,
          -2.786995310088969e-6,
          0.0,
          0.00008780962525634095,
          1.0,
          -2.4472501802819124e-10,
          0.0,
          2.786995310088969e-6,
          8.88876142051392e-26,
          1.0,
          0.0,
          -0.008755936287343502,
          -99.79193878173828,
          -0.00004842299676965922,
          1.0
        ]
      }
    },
    "fa83b0a2-181c-a7e7-5e50-445eca805c99": {
      "02289c92-3412-406e-a7e5-3bbb15d7041e": {
        "id": "fa83b0a2-181c-a7e7-5e50-445eca805c99",
        "name": "mixamorig:LeftToeBase"
      },
      "4a83ab8d-8a10-462a-90bd-8a0cf7f32b7f": {
        "index": 47,
        "name": "mixamorig:LeftToeBase",
        "offset_matrix": [
          -0.999726414680481,
          -0.014206062071025372,
          0.01858144998550415,
          0.0,
          0.018829377368092537,
          -0.01752231828868389,
          0.9996691346168518,
          0.0,
          -0.013875771313905716,
          0.9997455477714539,
          0.01778501644730568,
          0.0,
          9.590874671936035,
          -11.141103744506836,
          -3.660674810409546,
          1.0
        ]
      },
      "c5b3b71f-1f14-4b5b-9881-436118684d29": {
        "transform": {
          "matrix": [
            0.9974125027656555,
            -0.04471331089735031,
            0.056293994188308716,
            0.0,
            0.015093794092535973,
            0.8958404660224915,
            0.4441194236278534,
            0.0,
            -0.07028848677873611,
            -0.44212058186531067,
            0.8941973447799683,
            0.0,
            2.4546743760886502e-15,
            15.721559524536133,
            -1.5528810876075383e-14,
            1.0
          ]
        }
      }
    },
    "8f5e465d-52e8-2cec-eec2-ee1d0a6ddb8a": {
      "4a83ab8d-8a10-462a-90bd-8a0cf7f32b7f": {
        "index": 37,
        "name": "mixamorig:RightHandMiddle3",
        "offset_matrix": [
          1.4201746125763748e-6,
          -1.0,
          0.00008779105701250955,
          0.0,
          2.5849394142282115e-26,
          -0.00008779105701250955,
          -1.0,
          0.0,
          1.0,
          1.4201746125763748e-6,
          -1.24678628532493e-10,
          0.0,
          6.1714863777160645,
          -93.61956787109375,
          143.5655975341797,
          1.0
        ]
      },
      "02289c92-3412-406e-a7e5-3bbb15d7041e": {
        "id": "8f5e465d-52e8-2cec-eec2-ee1d0a6ddb8a",
        "name": "mixamorig:RightHandMiddle3"
      },
      "c5b3b71f-1f14-4b5b-9881-436118684d29": {
        "transform": {
          "matrix": [
            1.0,
            0.0,
            0.0,
            0.0,
            0.0,
            1.0,
            0.0,
            0.0,
            0.0,
            0.0,
            1.0,
            0.0,
            -0.000029421480576274917,
            3.4597625732421875,
            1.3562805392663968e-13,
            1.0
          ]
        }
      }
    },
    "06878e10-f8af-ea90-4aa0-30daca525e1b": {
      "02289c92-3412-406e-a7e5-3bbb15d7041e": {
        "id": "06878e10-f8af-ea90-4aa0-30daca525e1b",
        "name": "mixamorig:RightShoulder"
      },
      "c5b3b71f-1f14-4b5b-9881-436118684d29": {
        "transform": {
          "matrix": [
            -0.20122766494750977,
            -0.009769599884748459,
            0.9794957637786865,
            0.0,
            -0.9793189764022827,
            -0.019447723403573036,
            -0.20138531923294067,
            0.0,
            0.021016418933868408,
            -0.9997631311416626,
            -0.005654134321957827,
            0.0,
            -6.105695724487305,
            9.106383323669434,
            0.7570756077766418,
            1.0
          ]
        }
      },
      "4a83ab8d-8a10-462a-90bd-8a0cf7f32b7f": {
        "index": 25,
        "name": "mixamorig:RightShoulder",
        "offset_matrix": [
          -0.20122677087783813,
          -0.979317307472229,
          0.021104134619235992,
          0.0,
          -0.004247663076967001,
          -0.020672248676419258,
          -0.9997772574424744,
          0.0,
          0.9795354604721069,
          -0.20127160847187042,
          5.57290570743839e-17,
          0.0,
          2.879152774810791,
          -3.7277426719665527,
          143.9279022216797,
          1.0
        ]
      }
    },
    "327c97ef-3ce2-18d3-22e8-9cef1aac8772": {
      "4a83ab8d-8a10-462a-90bd-8a0cf7f32b7f": {
        "index": 23,
        "name": "mixamorig:LeftHandPinky2",
        "offset_matrix": [
          -0.00045391792082227767,
          0.9999998807907104,
          0.0000951093970797956,
          0.0,
          -3.0846035059539645e-8,
          0.0000951093970797956,
          -1.0,
          0.0,
          -0.9999998807907104,
          -0.00045391792082227767,
          -1.2325826581616184e-8,
          0.0,
          -10.855813026428223,
          -88.84040832519531,
          143.33880615234375,
          1.0
        ]
      },
      "02289c92-3412-406e-a7e5-3bbb15d7041e": {
        "id": "327c97ef-3ce2-18d3-22e8-9cef1aac8772",
        "name": "mixamorig:LeftHandPinky2"
      },
      "c5b3b71f-1f14-4b5b-9881-436118684d29": {
        "transform": {
          "matrix": [
            0.9999997019767761,
            -0.0007357678259722888,
            0.0,
            0.0,
            0.0007357678259722888,
            0.9999997019767761,
            -0.000011908974556718022,
            0.0,
            8.762240710780134e-9,
            0.000011908970918739215,
            1.0,
            0.0,
            -6.590239896224308e-15,
            4.136657238006592,
            2.378359672156353e-15,
            1.0
          ]
        }
      }
    },
    "95d994bc-be36-4264-1cbb-0676cb369152": {
      "02289c92-3412-406e-a7e5-3bbb15d7041e": {
        "id": "95d994bc-be36-4264-1cbb-0676cb369152",
        "name": "mixamorig:LeftHandRing4"
      },
      "c5b3b71f-1f14-4b5b-9881-436118684d29": {
        "transform": {
          "matrix": [
            0.9998893737792969,
            0.0015416129026561975,
            -0.014792527072131634,
            0.0,
            -0.0015413617948070168,
            0.9999988079071045,
            0.000028373488021316007,
            0.0,
            0.014792553149163723,
            -5.569712811848149e-6,
            0.9998905658721924,
            0.0,
            -0.000024172632038244046,
            3.6601181030273438,
            0.000016886513549252413,
            1.0
          ]
        }
      }
    },
    "2caf9947-f752-e141-0444-a49d2424ae30": {
      "4a83ab8d-8a10-462a-90bd-8a0cf7f32b7f": {
        "index": 24,
        "name": "mixamorig:LeftHandPinky3",
        "offset_matrix": [
          5.700706878997153e-6,
          1.0,
          0.0000877910788403824,
          0.0,
          1.2868016874278965e-8,
          0.0000877910788403824,
          -1.0,
          0.0,
          -1.0,
          5.700708243239205e-6,
          -1.2367546098346338e-8,
          0.0,
          -10.89783763885498,
          -91.42919921875,
          143.3394775390625,
          1.0
        ]
      },
      "c5b3b71f-1f14-4b5b-9881-436118684d29": {
        "transform": {
          "matrix": [
            0.9999998807907104,
            0.0004596186336129904,
            0.0,
            0.0,
            -0.0004596186336129904,
            0.9999998807907104,
            7.318339157791343e-6,
            0.0,
            3.363645140197491e-9,
            -7.318338248296641e-6,
            1.0,
            0.0,
            4.385630042718497e-13,
            2.594834566116333,
            1.4550223547717123e-14,
            1.0
          ]
        }
      },
      "02289c92-3412-406e-a7e5-3bbb15d7041e": {
        "id": "2caf9947-f752-e141-0444-a49d2424ae30",
        "name": "mixamorig:LeftHandPinky3"
      }
    },
    "851680a1-3acd-05a4-0953-025fdc10151f": {
      "c5b3b71f-1f14-4b5b-9881-436118684d29": {
        "transform": {
          "matrix": [
            1.0,
            0.0,
            0.0,
            0.0,
            0.0,
            0.9999840259552002,
            0.005655388813465834,
            0.0,
            0.0,
            -0.005655388813465834,
            0.9999840259552002,
            0.0,
            0.000025481229386059567,
            15.027761459350586,
            0.877906858921051,
            1.0
          ]
        }
      },
      "4a83ab8d-8a10-462a-90bd-8a0cf7f32b7f": {
        "index": 4,
        "name": "mixamorig:Neck",
        "offset_matrix": [
          1.0,
          -0.00008780962525634095,
          4.964512640981411e-7,
          0.0,
          0.00008780962525634095,
          1.0,
          8.425392827859923e-9,
          0.0,
          -4.964520030625863e-7,
          -8.381799254664202e-9,
          1.0,
          0.0,
          -0.009598271921277046,
          -149.75352478027344,
          3.4831812381744385,
          1.0
        ]
      },
      "02289c92-3412-406e-a7e5-3bbb15d7041e": {
        "id": "851680a1-3acd-05a4-0953-025fdc10151f",
        "name": "mixamorig:Neck"
      }
    },
    "9dd402aa-8627-7446-ac77-7208f7ae6919": {
      "02289c92-3412-406e-a7e5-3bbb15d7041e": {
        "id": "9dd402aa-8627-7446-ac77-7208f7ae6919",
        "name": "mixamorig:LeftUpLeg"
      },
      "c5b3b71f-1f14-4b5b-9881-436118684d29": {
        "transform": {
          "matrix": [
            -0.9999823570251465,
            -0.005939361173659563,
            2.7869459700013977e-6,
            0.0,
            0.005938846617937088,
            -0.9999017119407654,
            -0.012700163759291172,
            0.0,
            0.00007821752660674974,
            -0.012699922546744347,
            0.9999193549156189,
            0.0,
            9.123873710632324,
            -6.657188415527344,
            -0.05540310591459274,
            1.0
          ]
        }
      },
      "4a83ab8d-8a10-462a-90bd-8a0cf7f32b7f": {
        "index": 44,
        "name": "mixamorig:LeftUpLeg",
        "offset_matrix": [
          -0.9999818205833435,
          0.00602671829983592,
          0.0000765463846619241,
          0.0,
          -0.006027203984558582,
          -0.9999011754989624,
          -0.012699916958808899,
          0.0,
          0.0,
          -0.012700147926807404,
          0.9999193549156189,
          0.0,
          9.685632705688477,
          93.0706558227539,
          1.2374401092529297,
          1.0
        ]
      }
    },
    "1e756513-4bd9-5d58-2b5b-1897849bd91f": {
      "02289c92-3412-406e-a7e5-3bbb15d7041e": {
        "id": "1e756513-4bd9-5d58-2b5b-1897849bd91f",
        "name": "mixamorig:LeftHandMiddle4"
      },
      "c5b3b71f-1f14-4b5b-9881-436118684d29": {
        "transform": {
          "matrix": [
            0.9999572038650513,
            -0.0013082863297313452,
            -0.00915874820202589,
            0.0,
            0.0013082619989290833,
            0.9999991655349731,
            -8.656632417114452e-6,
            0.0,
            0.009158751927316189,
            -3.325780198792927e-6,
            0.9999580383300781,
            0.0,
            -0.000030473889637505636,
            3.6801910400390625,
            -5.5843869161071105e-14,
            1.0
          ]
        }
      }
    },
    "7a4f59a6-7f6b-5611-9766-f37c7d794b6d": {
      "c5b3b71f-1f14-4b5b-9881-436118684d29": {
        "transform": {
          "matrix": [
            0.9983420968055725,
            -0.05749000981450081,
            -0.0028172233141958714,
            0.0,
            0.02642698399722576,
            0.4143368601799011,
            0.9097398519515991,
            0.0,
            -0.05113367736339569,
            -0.9083060622215271,
            0.4151691794395447,
            0.0,
            -2.1316282072803006e-14,
            42.09902572631836,
            -6.261657858885883e-14,
            1.0
          ]
        }
      },
      "4a83ab8d-8a10-462a-90bd-8a0cf7f32b7f": {
        "index": 50,
        "name": "mixamorig:RightFoot",
        "offset_matrix": [
          -0.998660147190094,
          -0.02375941351056099,
          0.045972179621458054,
          0.0,
          0.05174892395734787,
          -0.458513468503952,
          0.8871794939041138,
          0.0,
          -8.900736029800475e-17,
          0.8883697986602783,
          0.45912864804267883,
          0.0,
          -9.655200958251953,
          6.9305901527404785,
          -7.681446552276611,
          1.0
        ]
      },
      "02289c92-3412-406e-a7e5-3bbb15d7041e": {
        "id": "7a4f59a6-7f6b-5611-9766-f37c7d794b6d",
        "name": "mixamorig:RightFoot"
      }
    },
    "04e42946-8bfe-fcd7-ab04-a35990a708c3": {
      "4a83ab8d-8a10-462a-90bd-8a0cf7f32b7f": {
        "index": 1,
        "name": "mixamorig:Spine",
        "offset_matrix": [
          1.0,
          -0.00009904014586936682,
          -0.000014155408280203119,
          0.0,
          0.00010002574708778411,
          0.9926236867904663,
          0.12123626470565796,
          0.0,
          2.043735776169342e-6,
          -0.12123626470565796,
          0.9926236867904663,
          0.0,
          -0.010956929996609688,
          -109.05489349365234,
          -12.083251953125,
          1.0
        ]
      },
      "c5b3b71f-1f14-4b5b-9881-436118684d29": {
        "transform": {
          "matrix": [
            1.0,
            0.000012216120012453757,
            -7.432596476064646e-7,
            0.0,
            -0.000012216120012453757,
            0.9926236867904663,
            -0.12123626470565796,
            0.0,
            -7.432595907630457e-7,
            0.12123626470565796,
            0.9926236867904663,
            0.0,
            0.0008597855921834707,
            9.9234619140625,
            -1.2273348569869995,
            1.0
          ]
        }
      },
      "02289c92-3412-406e-a7e5-3bbb15d7041e": {
        "id": "04e42946-8bfe-fcd7-ab04-a35990a708c3",
        "name": "mixamorig:Spine"
      }
    },
    "4b9f3f5f-6738-90ed-de8e-20461b0c056e": {
      "02289c92-3412-406e-a7e5-3bbb15d7041e": {
        "id": "4b9f3f5f-6738-90ed-de8e-20461b0c056e",
        "name": "mixamorig:RightLeg"
      },
      "4a83ab8d-8a10-462a-90bd-8a0cf7f32b7f": {
        "index": 49,
        "name": "mixamorig:RightLeg",
        "offset_matrix": [
          -0.9999830722808838,
          0.005811771843582392,
          0.0002847983269020915,
          0.0,
          -0.0058187455870211124,
          -0.9987845420837402,
          -0.0489441379904747,
          0.0,
          -1.5464803645569986e-13,
          -0.04894496873021126,
          0.9988014698028564,
          0.0,
          -9.06325912475586,
          52.502803802490234,
          3.143134832382202,
          1.0
        ]
      },
      "c5b3b71f-1f14-4b5b-9881-436118684d29": {
        "transform": {
          "matrix": [
            0.9999298453330994,
            0.011844765394926071,
            0.00015005460591055453,
            0.0,
            -0.01183151826262474,
            0.9992712736129761,
            -0.036289699375629425,
            0.0,
            -0.000579788233153522,
            0.03628537803888321,
            0.9993413090705872,
            0.0,
            5.329070518200751e-15,
            40.59943771362305,
            2.6645352591003757e-14,
            1.0
          ]
        }
      }
    },
    "d9e2905d-b0b8-cbc1-27d0-1dee1a172a1b": {
      "4a83ab8d-8a10-462a-90bd-8a0cf7f32b7f": {
        "index": 14,
        "name": "mixamorig:LeftHandIndex2",
        "offset_matrix": [
          -2.9399031973298406e-6,
          1.0,
          0.00008779101335676387,
          0.0,
          5.0648631955141354e-9,
          0.00008779101335676387,
          -1.0,
          0.0,
          -1.0,
          -2.9399027425824897e-6,
          -5.322960294762424e-9,
          0.0,
          -3.3491270542144775,
          -89.94817352294922,
          143.3337860107422,
          1.0
        ]
      },
      "02289c92-3412-406e-a7e5-3bbb15d7041e": {
        "id": "d9e2905d-b0b8-cbc1-27d0-1dee1a172a1b",
        "name": "mixamorig:LeftHandIndex2"
      },
      "c5b3b71f-1f14-4b5b-9881-436118684d29": {
        "transform": {
          "matrix": [
            1.0,
            -0.000012428639820427634,
            0.0,
            0.0,
            0.000012428639820427634,
            1.0,
            0.0,
            0.0,
            0.0,
            0.0,
            1.0,
            0.0,
            -1.4760153675672286e-15,
            3.8919677734375,
            -4.035612244227861e-16,
            1.0
          ]
        }
      }
    },
    "0bd27c7f-ae58-ec24-d5f2-c13df4a56c8f": {
      "4a83ab8d-8a10-462a-90bd-8a0cf7f32b7f": {
        "index": 12,
        "name": "mixamorig:LeftHandThumb3",
        "offset_matrix": [
          0.3873181939125061,
          0.774630069732666,
          -0.49993282556533813,
          0.0,
          -0.2235717922449112,
          -0.44715598225593567,
          -0.866064190864563,
          0.0,
          -0.8944273591041565,
          0.4472132921218872,
          -6.212750122358557e-6,
          0.0,
          -1.2624809741973877,
          -4.564834117889404,
          161.2438507080078,
          1.0
        ]
      },
      "c5b3b71f-1f14-4b5b-9881-436118684d29": {
        "transform": {
          "matrix": [
            1.0,
            0.0,
            0.0,
            0.0,
            0.0,
            1.0,
            0.0,
            0.0,
            0.0,
            0.0,
            1.0,
            0.0,
            -5.884235698520868e-13,
            4.382128715515137,
            5.148569071078413e-12,
            1.0
          ]
        }
      },
      "02289c92-3412-406e-a7e5-3bbb15d7041e": {
        "id": "0bd27c7f-ae58-ec24-d5f2-c13df4a56c8f",
        "name": "mixamorig:LeftHandThumb3"
      }
    },
    "051b0249-ef9f-6ac0-2a2a-c33b2ef0ef0e": {
      "c5b3b71f-1f14-4b5b-9881-436118684d29": {
        "transform": {
          "matrix": [
            1.0,
            0.0,
            0.0,
            0.0,
            0.0,
            1.0,
            0.0,
            0.0,
            0.0,
            0.0,
            1.0,
            0.0,
            0.00015451594663318247,
            18.47467041015625,
            6.636399269104004,
            1.0
          ]
        }
      },
      "02289c92-3412-406e-a7e5-3bbb15d7041e": {
        "id": "051b0249-ef9f-6ac0-2a2a-c33b2ef0ef0e",
        "name": "mixamorig:HeadTop_End"
      }
    },
    "12834eef-43f5-2338-ab7a-5a93e6bf8644": {
      "02289c92-3412-406e-a7e5-3bbb15d7041e": {
        "id": "12834eef-43f5-2338-ab7a-5a93e6bf8644",
        "name": "mixamorig:LeftHandPinky4"
      },
      "c5b3b71f-1f14-4b5b-9881-436118684d29": {
        "transform": {
          "matrix": [
            0.9999657273292542,
            -0.0011501277331262827,
            -0.008199716918170452,
            0.0,
            0.0011501105036586523,
            0.9999993443489075,
            -6.814955668232869e-6,
            0.0,
            0.008199718780815601,
            -2.6158586479141377e-6,
            0.9999663829803467,
            0.0,
            -2.9698390014570863e-13,
            2.9238662719726562,
            -2.405260168011729e-15,
            1.0
          ]
        }
      }
    },
    "c77d85f3-b188-0085-5eb3-64eac1fd1333": {
      "02289c92-3412-406e-a7e5-3bbb15d7041e": {
        "id": "c77d85f3-b188-0085-5eb3-64eac1fd1333",
        "name": "mixamorig:Head"
      },
      "c5b3b71f-1f14-4b5b-9881-436118684d29": {
        "transform": {
          "matrix": [
            1.0,
            0.0,
            0.0,
            0.0,
            0.0,
            1.0,
            0.0,
            0.0,
            0.0,
            0.0,
            1.0,
            0.0,
            2.5625486159697175e-6,
            10.32183837890625,
            3.1424288749694824,
            1.0
          ]
        }
      },
      "4a83ab8d-8a10-462a-90bd-8a0cf7f32b7f": {
        "index": 5,
        "name": "mixamorig:Head",
        "offset_matrix": [
          1.0,
          -0.00008780962525634095,
          4.964512640981411e-7,
          0.0,
          0.00008780962525634095,
          1.0,
          8.425392827859923e-9,
          0.0,
          -4.964520030625863e-7,
          -8.381799254664202e-9,
          1.0,
          0.0,
          -0.009600834921002388,
          -160.0753631591797,
          0.3407522737979889,
          1.0
        ]
      }
    },
    "c1304124-12a6-d876-5362-e479ba969e89": {
      "02289c92-3412-406e-a7e5-3bbb15d7041e": {
        "id": "c1304124-12a6-d876-5362-e479ba969e89",
        "name": "mixamorig:LeftHandPinky1"
      },
      "4a83ab8d-8a10-462a-90bd-8a0cf7f32b7f": {
        "index": 22,
        "name": "mixamorig:LeftHandPinky1",
        "offset_matrix": [
          0.0002818499633576721,
          0.9999999403953552,
          0.00008320042252307758,
          0.0,
          3.037016327311903e-8,
          0.00008320042252307758,
          -1.0,
          0.0,
          -0.9999999403953552,
          0.0002818499633576721,
          -6.920128914345014e-9,
          0.0,
          -10.921175003051758,
          -84.69403839111328,
          143.33985900878906,
          1.0
        ]
      },
      "c5b3b71f-1f14-4b5b-9881-436118684d29": {
        "transform": {
          "matrix": [
            0.9999999403953552,
            0.0002821027592290193,
            6.920135131593952e-9,
            0.0,
            -0.0002821027592290193,
            0.9999999403953552,
            5.704223440261558e-6,
            0.0,
            -5.310957451598597e-9,
            -5.70422480450361e-6,
            1.0,
            0.0,
            4.725831508636475,
            10.908194541931152,
            0.22613216936588287,
            1.0
          ]
        }
      }
    },
    "1317c7d3-ed3b-b755-14b0-810121103408": {
      "02289c92-3412-406e-a7e5-3bbb15d7041e": {
        "id": "1317c7d3-ed3b-b755-14b0-810121103408",
        "name": "mixamorig:RightToe_End"
      },
      "c5b3b71f-1f14-4b5b-9881-436118684d29": {
        "transform": {
          "matrix": [
            1.0,
            0.0,
            0.0,
            0.0,
            0.0,
            1.0,
            0.0,
            0.0,
            0.0,
            0.0,
            1.0,
            0.0,
            3.1880578177378993e-9,
            10.0,
            5.687533999321204e-9,
            1.0
          ]
        }
      }
    },
    "3583c26a-a852-cbb1-2693-bc6a7639274d": {
      "02289c92-3412-406e-a7e5-3bbb15d7041e": {
        "id": "3583c26a-a852-cbb1-2693-bc6a7639274d",
        "name": "mixamorig:LeftHandRing1"
      },
      "4a83ab8d-8a10-462a-90bd-8a0cf7f32b7f": {
        "index": 19,
        "name": "mixamorig:LeftHandRing1",
        "offset_matrix": [
          9.301915270043537e-6,
          1.0,
          0.00008779107156442478,
          0.0,
          6.139377450864458e-9,
          0.00008779107156442478,
          -1.0,
          0.0,
          -1.0,
          9.301916179538239e-6,
          -5.322752016923005e-9,
          0.0,
          -8.38890266418457,
          -85.93650817871094,
          143.5756072998047,
          1.0
        ]
      },
      "c5b3b71f-1f14-4b5b-9881-436118684d29": {
        "transform": {
          "matrix": [
            1.0,
            9.55470841290662e-6,
            6.139377894953668e-9,
            0.0,
            -9.55470841290662e-6,
            1.0,
            1.1135898603242822e-6,
            0.0,
            -6.1287379615748705e-9,
            -1.11358997401112e-6,
            1.0,
            0.0,
            2.216630458831787,
            12.14700984954834,
            -0.00999622605741024,
            1.0
          ]
        }
      }
    },
    "a2c72b6b-6e68-9742-ea1f-f88328b2a567": {
      "4a83ab8d-8a10-462a-90bd-8a0cf7f32b7f": {
        "index": 26,
        "name": "mixamorig:RightArm",
        "offset_matrix": [
          6.877475584587955e-7,
          -1.0,
          0.00008667746442370117,
          0.0,
          1.2924697071141057e-26,
          -0.00008667746442370117,
          -1.0,
          0.0,
          1.0,
          6.877475584587955e-7,
          -5.96122179397085e-11,
          0.0,
          6.171423435211182,
          -18.751325607299805,
          143.56552124023438,
          1.0
        ]
      },
      "02289c92-3412-406e-a7e5-3bbb15d7041e": {
        "id": "a2c72b6b-6e68-9742-ea1f-f88328b2a567",
        "name": "mixamorig:RightArm"
      },
      "c5b3b71f-1f14-4b5b-9881-436118684d29": {
        "transform": {
          "matrix": [
            0.9795353412628174,
            -0.20127226412296295,
            1.4457905095355272e-8,
            0.0,
            0.2012277990579605,
            0.9793189764022827,
            -0.021017475053668022,
            0.0,
            0.004230220802128315,
            0.020587364211678505,
            0.9997791051864624,
            0.0,
            3.913536161803677e-15,
            12.922286987304688,
            -8.43769498715119e-15,
            1.0
          ]
        }
      }
    },
    "d22ab52d-c230-633e-f6f4-bc434c2c3365": {
      "c5b3b71f-1f14-4b5b-9881-436118684d29": {
        "transform": {
          "matrix": [
            1.0,
            0.0,
            0.0,
            0.0,
            0.0,
            1.0,
            0.0,
            0.0,
            0.0,
            0.0,
            1.0,
            0.0,
            0.0,
            0.0,
            0.0,
            1.0
          ]
        }
      },
      "02289c92-3412-406e-a7e5-3bbb15d7041e": {
        "id": "d22ab52d-c230-633e-f6f4-bc434c2c3365",
        "name": "Alpha_Joints"
      },
      "bb784426-a5ec-4995-a86a-c40e7e2cb3ab": {
        "material": "c35634f8-fdee-c217-bc6b-22ab01eac817",
        "mesh": "f726243e-355e-1f4a-1726-51f186b0f7a0",
        "root_bone": "28c62b06-11df-5e6c-b9f4-cd3454dcf45b"
      }
    },
    "74740293-da0f-c13b-0c69-12c876e2e809": {
